Degree 2:
    cpw         Error    
    2.1962      1.0316
    2.4157      0.8882
    2.6573      0.8524
    2.9231      0.83925
    3.2154      0.7718
    3.5369      0.5821
    3.8906      0.5302
    4.2796      0.4514
    4.7076      0.3041
    5.1784      0.2197
    5.6962      0.1511
    6.2658      0.1069
    6.8924      0.0818
    7.5817      0.04098




Degree 4:
    cpw         Error
    2.2         0.1012
    2.42        0.0569
    2.46        0.0468



Degree 6:
    cpw         Error
    1.1         0.1954
    1.21        0.1399
    1.331       0.0774
    1.4641      0.04083
    1.341       0.07735
