1.000000000000000000e+00 1.505117399157134255e-03 6.359673778110906950e-01 1.353465509414672852e+01
1.100000000000000089e+00 8.659508139937651750e-04 4.737593924076961560e-01 2.429478883743286133e+01
1.200000000000000178e+00 1.217433649866082358e-03 3.896778296818587672e-01 1.879424309730529785e+01
1.300000000000000266e+00 1.157943492357572934e-03 4.167305773662415835e-01 2.103739690780639648e+01
1.400000000000000355e+00 1.114081996434937655e-03 3.425505923305137146e-01 2.280360746383666992e+01
1.500000000000000444e+00 7.504127269998499663e-04 2.528319625872996190e-01 3.753952860832214355e+01
1.600000000000000533e+00 9.228497600590623460e-04 2.214450087580628057e-01 3.266002917289733887e+01
1.700000000000000622e+00 9.147457006952067291e-04 2.101367627874669852e-01 3.474581241607666016e+01
1.800000000000000711e+00 8.441668073611345796e-04 1.850692576075219364e-01 3.883351945877075195e+01
1.900000000000000799e+00 8.351428094204108856e-04 1.336717538584173970e-01 4.434196829795837402e+01
2.000000000000000888e+00 7.648768548263729355e-04 1.395197412362407241e-01 5.133981823921203613e+01
2.100000000000000977e+00 7.091192738618635506e-04 1.328284091721869120e-01 5.763861918449401855e+01
2.200000000000001066e+00 6.928086462519052321e-04 9.832427792994327675e-02 6.054126381874084473e+01
2.300000000000001155e+00 6.019020103527145333e-04 9.025516387950138775e-02 7.649323964118957520e+01
2.400000000000001243e+00 6.282985674792661681e-04 8.110393560650784595e-02 8.046694374084472656e+01
2.500000000000001332e+00 5.688282138794083882e-04 7.242230305994945549e-02 9.421099734306335449e+01
2.600000000000001421e+00 4.193223750419322105e-04 7.470636710305517125e-02 1.415054504871368408e+02
2.700000000000001510e+00 5.558025789239661547e-04 6.376961449842682983e-02 1.125467271804809570e+02
2.800000000000001599e+00 5.045917852457362535e-04 6.607109292328157413e-02 1.264960470199584961e+02
2.900000000000001688e+00 5.102040816326531072e-04 7.590604466645119175e-02 1.332752380371093750e+02
3.000000000000001776e+00 3.702332469455757273e-04 6.177116395091156870e-02 2.034423365592956543e+02
3.100000000000001865e+00 4.810930433945925355e-04 5.936899936336341443e-02 1.618559100627899170e+02
3.200000000000001954e+00 4.598123965422107784e-04 6.782766716827437481e-02 1.767076337337493896e+02
3.300000000000002043e+00 4.355780120219531447e-04 5.240827942887844176e-02 1.973727483749389648e+02
3.400000000000002132e+00 3.841130828916033036e-04 4.700560972893305656e-02 2.320066938400268555e+02
