2.000000000000000000e+00 1.149425287356321823e-02 1.119672274500011389e+00 1.362669467926025391e+00
2.500000000000000000e+00 8.583690987124463490e-03 1.086184462739232748e+00 1.779215335845947266e+00
3.000000000000000000e+00 7.633587786259541687e-03 1.165824265284774119e+00 1.462381362915039062e+00
3.500000000000000000e+00 6.182380216383307446e-03 1.172599045032087783e+00 2.618203401565551758e+00
4.000000000000000000e+00 5.714285714285714281e-03 1.461054921692691799e+00 2.439692735671997070e+00
4.500000000000000000e+00 4.761904761904762334e-03 1.263602153155098495e+00 3.948869466781616211e+00
5.000000000000000000e+00 4.566210045662100203e-03 1.316285675769563124e+00 4.058746099472045898e+00
5.500000000000000000e+00 3.898635477582845787e-03 1.267412868411387672e+00 6.229112148284912109e+00
6.000000000000000000e+00 3.802281368821292754e-03 1.447639937267963139e+00 7.445000171661376953e+00
6.500000000000000000e+00 3.292181069958847670e-03 1.252178180097078153e+00 9.450288295745849609e+00
7.000000000000000000e+00 3.257328990228013175e-03 1.258433438437677410e+00 1.058795857429504395e+01
7.500000000000000000e+00 2.859185132237312445e-03 1.194491866042902473e+00 1.302636265754699707e+01
8.000000000000000000e+00 2.846975088967971732e-03 1.269478292759084637e+00 1.443399262428283691e+01
8.500000000000000000e+00 2.517306482064191487e-03 1.129319513650130391e+00 1.808802747726440430e+01
9.000000000000000000e+00 2.530044275774826108e-03 1.109266191054107953e+00 2.080831694602966309e+01
9.500000000000000000e+00 2.257336343115123965e-03 1.049483225602512171e+00 2.423125934600830078e+01
1.000000000000000000e+01 2.276607854297097409e-03 1.064121764286048544e+00 2.661544060707092285e+01
1.050000000000000000e+01 2.039775624681285180e-03 9.853301570626604722e-01 3.152055025100708008e+01
1.100000000000000000e+01 2.069322296947749551e-03 9.378566988065031307e-01 3.381119561195373535e+01
1.150000000000000000e+01 1.863932898415656975e-03 8.856095566165014255e-01 4.094170641899108887e+01
