2.000000000000000000e+00 2.896451846488051936e-03 1.236808358110619732e+00 1.049392127990722656e+01
2.200000000000000178e+00 2.424242424242424240e-03 8.223391695007420399e-01 1.301314735412597656e+01
2.420000000000000373e+00 2.196595277320153791e-03 7.886866875687579270e-01 1.713947963714599609e+01
2.662000000000000366e+00 2.171552660152008783e-03 6.908961452505153478e-01 2.119147634506225586e+01
2.928200000000000358e+00 1.972386587771203254e-03 6.342240102271177182e-01 3.465915608406066895e+01
3.221020000000000216e+00 1.791312136139722308e-03 5.106129092815318016e-01 3.857311487197875977e+01
3.543122000000000327e+00 1.500375093773443410e-03 3.805507975089321149e-01 6.491154623031616211e+01
3.000000000000000000e+00 1.924001924001924073e-03 5.269196511369139690e-01 3.658436965942382812e+01
3.200000000000000178e+00 1.658374792703150953e-03 4.524264852937165959e-01 4.642112731933593750e+01
3.400000000000000355e+00 1.558846453624318030e-03 4.098675117182664085e-01 5.328100776672363281e+01
3.600000000000000533e+00 1.468968049944913623e-03 3.930118923245863871e-01 5.587977027893066406e+01
4.000000000000000000e+00 1.440403312927619837e-03 2.687142737121447911e-01 8.376258969306945801e+01
4.500000000000000000e+00 1.175433441081398869e-03 1.783032311459387120e-01 1.153370842933654785e+02
5.000000000000000000e+00 1.151079136690647464e-03 1.094101353008823663e-01 1.487655398845672607e+02
5.500000000000000000e+00 9.587727708533077143e-04 6.932463680402729811e-02 2.374589233398437500e+02
6.049999999999999822e+00 9.505703422053231886e-04 4.100709117249775465e-02 2.808832240104675293e+02
6.000000000000000000e+00 9.585430146177810126e-04 4.451200527818815339e-02 2.289335060119628906e+02
5.000000000000000000e+00 1.151079136690647464e-03 1.094101353008823663e-01 1.276091406345367432e+02
5.500000000000000000e+00 9.587727708533077143e-04 6.932463680402729811e-02 1.847234206199645996e+02
6.000000000000000000e+00 9.585430146177810126e-04 4.451200527818815339e-02 2.070755736827850342e+02
