4.000000000000000000e+00 1.157050293119407615e-03 3.455395548025637642e-01 5.196030116081237793e+01
4.099999999999999645e+00 1.080691642651296922e-03 2.808112907368846556e-01 5.775757074356079102e+01
4.199999999999999289e+00 1.109960041438508120e-03 2.966076052110023231e-01 5.750706100463867188e+01
4.299999999999998934e+00 8.933889219773674499e-04 2.426314864855531606e-01 7.348153424263000488e+01
4.399999999999998579e+00 9.596928982725527486e-04 2.624544293326585009e-01 7.084312748908996582e+01
4.499999999999998224e+00 9.134088417975885516e-04 2.077622659043601994e-01 7.840643191337585449e+01
4.599999999999997868e+00 9.044862518089724635e-04 2.035005103352862665e-01 8.136249423027038574e+01
4.699999999999997513e+00 9.935090740495430318e-04 1.961990135877665631e-01 7.623312282562255859e+01
4.799999999999997158e+00 8.575348730848387667e-04 1.950922282671248842e-01 8.987959408760070801e+01
4.899999999999996803e+00 8.757589911256421968e-04 1.397453978525030338e-01 9.365267777442932129e+01
4.999999999999996447e+00 8.321313658049484582e-04 1.349778414772645485e-01 1.006134269237518311e+02
5.099999999999996092e+00 7.479058635819704629e-04 1.465648121260294812e-01 1.155557174682617188e+02
5.199999999999995737e+00 8.207485226526592664e-04 1.258204798725177376e-01 1.076805438995361328e+02
5.299999999999995381e+00 8.483203257550050655e-04 1.016870207039681090e-01 1.098883116245269775e+02
5.399999999999995026e+00 8.093234056328909133e-04 1.249186578602782122e-01 1.170689537525177002e+02
5.499999999999994671e+00 7.943232366024147346e-04 1.129894888398831204e-01 1.233154072761535645e+02
5.599999999999994316e+00 7.021814436850481924e-04 8.339097659880842506e-02 1.458988990783691406e+02
5.699999999999993960e+00 7.465657973322715286e-04 8.396500002710718946e-02 1.391768848896026611e+02
5.799999999999993605e+00 7.375356475562985055e-04 7.845132937012815055e-02 1.448850181102752686e+02
5.899999999999993250e+00 6.678539626001781058e-04 7.628813561363562146e-02 1.641755616664886475e+02
5.999999999999992895e+00 7.078142695356738059e-04 6.342901883667087515e-02 1.615047616958618164e+02
6.099999999999992539e+00 6.733099919202800449e-04 7.203991326845368692e-02 1.715702497959136963e+02
6.199999999999992184e+00 6.134467528218551149e-04 6.102580123947581869e-02 1.942376379966735840e+02
6.299999999999991829e+00 6.058158319870759123e-04 6.839150651869893571e-02 2.008308913707733154e+02
6.399999999999991473e+00 5.150745141130416574e-04 5.207643529817534284e-02 2.478175518512725830e+02
6.499999999999991118e+00 6.358087487283825383e-04 4.926610332733096648e-02 2.047956855297088623e+02
