2.000000000000000000e+00 1.527183872938301821e-03 3.543804925983755072e-01 3.144845581054687500e+01
2.100000000000000089e+00 1.290655653071760443e-03 3.371176338093036517e-01 3.801116251945495605e+01
2.200000000000000178e+00 1.293549499827526764e-03 2.844809907603138011e-01 3.985974049568176270e+01
2.300000000000000266e+00 1.191043353978084827e-03 1.942083351430053673e-01 4.710578346252441406e+01
2.400000000000000355e+00 1.207729468599033759e-03 1.755223704390749817e-01 4.890610337257385254e+01
2.500000000000000444e+00 1.006711409395973263e-03 1.694184392440161169e-01 6.149745464324951172e+01
2.600000000000000533e+00 7.468631746664010883e-04 9.524371469463864537e-02 9.120794415473937988e+01
2.700000000000000622e+00 1.014884979702300374e-03 1.275515394074628606e-01 7.077580046653747559e+01
2.800000000000000711e+00 9.419743782969103351e-04 9.964474200431619466e-02 7.877782702445983887e+01
2.900000000000000799e+00 9.636386997301811920e-04 9.240491168713521608e-02 7.975148868560791016e+01
3.000000000000000888e+00 8.840169731258839658e-04 6.701281981169206203e-02 9.501187348365783691e+01
3.100000000000000977e+00 9.193429762196617160e-04 6.127173388073298144e-02 9.484081339836120605e+01
3.200000000000001066e+00 8.572408275231454926e-04 5.934763354666414831e-02 1.060221173763275146e+02
3.300000000000001155e+00 8.169044766365319166e-04 5.368769310815519474e-02 1.153773024082183838e+02
3.400000000000001243e+00 6.093102607847916078e-04 3.907010163077263148e-02 1.673686738014221191e+02
