1.000000000000000000e+00 3.367003367003366856e-03 8.415241121582128780e-01 1.043100929260253906e+01
1.100000000000000089e+00 3.060443764345830049e-03 8.301105394289546302e-01 8.564547061920166016e+00
1.210000000000000187e+00 2.555910543130990482e-03 7.967853827408525325e-01 1.713622236251831055e+01
1.331000000000000183e+00 2.276607854297097409e-03 7.324768440473581332e-01 4.432919073104858398e+01
1.464100000000000179e+00 2.289639381797366723e-03 6.874775868744353868e-01 3.112530374526977539e+01
1.610510000000000108e+00 2.073613271124935195e-03 5.646827685523109208e-01 3.801827192306518555e+01
1.771561000000000163e+00 1.704303365999147767e-03 3.946273128381913575e-01 3.410909557342529297e+01
1.948717100000000091e+00 1.541425818882466306e-03 3.024501087599718030e-01 5.248997616767883301e+01
2.143588810000000233e+00 1.404001404001403936e-03 2.798604445038004873e-01 6.001292777061462402e+01
2.357947691000000123e+00 1.272264631043257092e-03 1.716823122232875309e-01 8.377455735206604004e+01
2.593742460100000091e+00 1.165501165501165500e-03 1.102209752703035978e-01 1.180444014072418213e+02
2.853116706110000234e+00 1.165161666181182545e-03 7.753974748838786402e-02 1.158598079681396484e+02
3.138428376721000390e+00 9.535160905840286234e-04 5.453078287106336713e-02 2.088134222030639648e+02
3.452271214393100252e+00 8.674907829104315298e-04 4.273809923384259274e-02 2.594341731071472168e+02
3.100000000000000089e+00 1.071237279057311170e-03 5.663781074522250547e-02 1.466927008628845215e+02
3.200000000000000178e+00 9.480919649205972813e-04 5.304431809864471742e-02 1.951828241348266602e+02
3.300000000000000266e+00 9.197516670498965576e-04 5.006798003515486317e-02 2.067098221778869629e+02
3.400000000000000355e+00 8.902737591809481606e-04 4.870310176471258357e-02 2.158141529560089111e+02
