1.000000000000000000e+00 1.000000000000000048e-04 6.302610647848987391e-01 2.426931698322296143e+02
1.100000000000000089e+00 1.000000000000000048e-04 5.153322620998028736e-01 2.505933310985565186e+02
1.210000000000000187e+00 1.000000000000000048e-04 4.112914802282082172e-01 2.578916125297546387e+02
1.331000000000000183e+00 1.000000000000000048e-04 3.616543546930086617e-01 2.626242241859436035e+02
1.464100000000000179e+00 1.000000000000000048e-04 2.988080407662053184e-01 2.761873860359191895e+02
1.610510000000000108e+00 1.000000000000000048e-04 1.919609480200610563e-01 2.908288986682891846e+02
1.771561000000000163e+00 1.000000000000000048e-04 1.455740797309157952e-01 3.080393481254577637e+02
1.948717100000000091e+00 1.000000000000000048e-04 9.902924546029059916e-02 3.258421261310577393e+02
2.143588810000000233e+00 1.000000000000000048e-04 6.278898477385662369e-02 3.532342717647552490e+02
2.357947691000000123e+00 1.000000000000000048e-04 4.965466425480828672e-02 3.775871489048004150e+02
2.100000000000000089e+00 1.000000000000000048e-04 7.689220092514621741e-02 3.438232357501983643e+02
2.200000000000000178e+00 1.000000000000000048e-04 7.163202793457976170e-02 3.549623816013336182e+02
2.300000000000000266e+00 1.000000000000000048e-04 3.883428310244847054e-02 3.806917645931243896e+02
