2.189999999999999947e+00 7.127922448203763894e-04 6.692451823828916846e-02 9.064380574226379395e+01
2.199999999999999734e+00 6.884523590967504781e-04 7.235258116650239435e-02 9.390288829803466797e+01
2.209999999999999520e+00 6.989097008666480832e-04 5.081450726076296859e-02 9.864647936820983887e+01
2.219999999999999307e+00 6.996921354603974786e-04 5.300546003850752780e-02 9.783696985244750977e+01
2.229999999999999094e+00 6.392227051904884145e-04 5.516693285544348874e-02 1.073481333255767822e+02
2.239999999999998881e+00 6.421232876712328411e-04 5.339970027323082125e-02 1.060306670665740967e+02
2.249999999999998668e+00 7.233796296296295895e-04 6.973997773979359605e-02 9.437350010871887207e+01
2.259999999999998455e+00 6.420683160688297249e-04 6.909139622438074946e-02 1.059867043495178223e+02
2.269999999999998241e+00 6.800253876144709110e-04 6.492416015608178104e-02 1.004969553947448730e+02
2.279999999999998028e+00 7.019842755522276347e-04 7.733277226998001852e-02 9.514421629905700684e+01
2.289999999999997815e+00 5.555967108674716558e-04 5.197150868426424902e-02 1.286299204826354980e+02
2.299999999999997602e+00 5.979907510763833372e-04 4.709500279435091530e-02 1.210979230403900146e+02
