1.000000000000000000e+00 6.277726625931196597e-04 5.718706893314977613e-01 7.376022863388061523e+01
1.100000000000000089e+00 3.501073662589860853e-04 3.773034769651150699e-01 1.573683216571807861e+02
1.200000000000000178e+00 5.207610054159144720e-04 3.454552686895356328e-01 1.149407536983489990e+02
1.300000000000000266e+00 4.661570016781652320e-04 4.359060295186288347e-01 1.363565769195556641e+02
1.400000000000000355e+00 4.544628249409198148e-04 3.208658850803235429e-01 1.522014467716217041e+02
1.500000000000000444e+00 3.352704514975413737e-04 1.231202129193376266e-01 2.410700430870056152e+02
1.600000000000000533e+00 3.946329913180741901e-04 1.261539457673710729e-01 2.189198644161224365e+02
1.700000000000000622e+00 3.845759409291354524e-04 9.018818209857085155e-02 2.400533454418182373e+02
1.800000000000000711e+00 3.478986919009184717e-04 9.357640682357219741e-02 2.821661927700042725e+02
1.900000000000000799e+00 3.521292079440349458e-04 3.894028453469637607e-02 3.237136261463165283e+02
