4.276644317425097944e-03	1.268263427513023102e-02	1.142221275993198989e-02	1.457618398670343894e-02	1.057415567988288611e-02	5.384442222549190582e-03	4.539202449341885742e-03
2.970157387516714209e-03	5.060021243525447687e-03	8.716068711582813933e-04	7.110189586779114279e-03	3.592629954840997897e-03	3.717964240528948139e-03	4.436863948617641995e-03
1.206169911462339206e-01	9.975555287373784330e-02	5.662193128557471006e-02	9.067282853656848107e-02	4.624890675316722238e-02	9.208977441095902994e-02	1.808449827862673720e-01
8.309522388596353663e-09
2.009561939331343790e-09
2.009561939331343790e-09
2.009561939331343790e-09
2.009561939331343790e-09
7.876306649732548349e-10
7.876306649732548349e-10
4.494559625994248475e-09
1.117687160510834340e-08
9.893689303531592379e-09
8.147484172367269565e-09
9.208573446645291726e-10
4.142250414671029576e-09
4.336710924627107284e-09
7.504594400489862759e-09
8.812573736574610354e-09
4.494559625994248475e-09
