2.0 0.011494252873563218 1.1196722744999195 0
2.5 0.008583690987124463 1.0861844627392325 0
3.0 0.007633587786259542 1.1658242652847743 0
3.5 0.0061823802163833074 1.172599045032107 0
4.0 0.005714285714285714 1.4610549216925008 0
4.5 0.004761904761904762 1.2636021531551387 0
5.0 0.0045662100456621 1.3162856757691166 0
5.5 0.003898635477582846 1.267412868411419 0
6.0 0.0038022813688212928 1.4476399372673296 0
6.5 0.0032921810699588477 1.2521781800968594 0
7.0 0.003257328990228013 1.25843343843811 0
7.5 0.0028591851322373124 1.194491866043152 0
8.0 0.0028469750889679717 1.2694782927589998 0
8.5 0.0025173064820641915 1.129319513650134 0
9.0 0.002530044275774826 1.1092661910540007 0
9.5 0.002257336343115124 1.0494832256021902 0
10.0 0.0022766078542970974 1.0641217642860912 0
10.5 0.002039775624681285 0.9853301570623829 0
11.0 0.0020693222969477496 0.9378566988064597 0
11.5 0.001863932898415657 0.8856095566165375 0
12.0 0.001896633475580844 0.883476551680531 0
12.5 0.001713796058269066 0.8074772880238522 0
13.0 0.0017497812773403325 0.7629991681959108 0
13.5 0.0015879317189360857 0.7325254530195062 0
14.0 0.0016253555465258025 0.7131622760214946 0
