1.000000000000000000e+00 1.733853489380147344e-03 5.960484956770498721e-01 1.817464375495910645e+01
1.100000000000000089e+00 1.576044129235618704e-03 5.769688442840682496e-01 1.540047693252563477e+01
1.200000000000000178e+00 1.308044473512099499e-03 4.892182525920596992e-01 2.103665399551391602e+01
1.300000000000000266e+00 1.328903654485049908e-03 3.998867366237051635e-01 2.502105021476745605e+01
1.400000000000000355e+00 1.125809175344779029e-03 3.140994987847512965e-01 3.087006664276123047e+01
1.500000000000000444e+00 1.055966209081309320e-03 2.556183863218177144e-01 3.712925386428833008e+01
1.600000000000000533e+00 9.888751545117429806e-04 2.007340954953707179e-01 4.559643006324768066e+01
1.700000000000000622e+00 9.161704076958314185e-04 1.902331975993203361e-01 5.393085002899169922e+01
1.800000000000000711e+00 8.644910309055543751e-04 1.665928159373927242e-01 6.284068036079406738e+01
1.900000000000000799e+00 9.051821679112921105e-04 1.009236269591532453e-01 6.910814714431762695e+01
2.000000000000000888e+00 8.581849388543230693e-04 8.142345113495053077e-02 7.922142672538757324e+01
2.100000000000000977e+00 7.649646203863071352e-04 6.745077219255878054e-02 9.786232638359069824e+01
2.200000000000001066e+00 7.167174341515857375e-04 5.586192050451573021e-02 1.164843850135803223e+02
2.300000000000001155e+00 6.836438215689625468e-04 4.166527516376668239e-02 1.311603698730468750e+02
