1.600000000000000089e+00 4.005607850991388039e-04 6.840493446515960585e-02 2.898124005794525146e+02
1.610000000000000098e+00 4.331348132106118093e-04 5.640809646632170132e-02 2.629962055683135986e+02
1.620000000000000107e+00 3.934297236156191835e-04 6.133895330098049214e-02 2.931417577266693115e+02
1.630000000000000115e+00 3.872966692486444853e-04 6.373267948598507204e-02 2.995942375659942627e+02
1.640000000000000124e+00 3.908540160250146439e-04 5.476688994086925666e-02 3.040702464580535889e+02
1.650000000000000133e+00 3.856165043863877206e-04 5.483594538767631865e-02 3.067744057178497314e+02
1.660000000000000142e+00 3.923107100823852418e-04 5.238908865545508636e-02 3.135914015769958496e+02
1.670000000000000151e+00 3.805537056417086935e-04 5.343004142804665818e-02 3.206057398319244385e+02
1.680000000000000160e+00 3.757632691404415282e-04 5.238668243429549926e-02 3.284716625213623047e+02
1.690000000000000169e+00 3.821534346039935116e-04 4.754929972474761929e-02 3.294323298931121826e+02
