7.506728298600345397e+02
1.130205513139874483e+03
9.200781032309007514e+02
6.657475868669938563e+02
6.418978695149345413e+02
6.046617267772336390e+02
5.780058892748486414e+02
5.616958550396865348e+02
5.562821710303827558e+02
5.435685139679552549e+02
5.371247530192667909e+02
5.320645578204158710e+02
5.266926208835895977e+02
5.222877266690148872e+02
5.169854780941092258e+02
5.111635599152721170e+02
5.078422388148041478e+02
5.056529820264688624e+02
5.019479799662232153e+02
5.015279301475248985e+02
4.985457802497431317e+02
4.973723390482608693e+02
4.965343751183744416e+02
4.949678098250306562e+02
4.930979779402465510e+02
4.908573053938590647e+02
4.896500461970855440e+02
4.881966224680877531e+02
4.870730860966718296e+02
4.862282800445528892e+02
4.842901434216358894e+02
4.829245956029287186e+02
4.814649578887460848e+02
4.799271220291834652e+02
4.789659667083794830e+02
4.780128645872040352e+02
4.770055249514229558e+02
4.758061523954021368e+02
4.741925748289918374e+02
4.729194966834175489e+02
4.722680431326465396e+02
4.715972185494926521e+02
4.709268316588622838e+02
4.698131809963865066e+02
4.686052773742316049e+02
4.675723942314782562e+02
4.665695958053310051e+02
4.659756586485669345e+02
4.656114576098766520e+02
4.647496458196475260e+02
4.643426532712647372e+02
4.636240496963928877e+02
