7.506728298600345397e+02
1.146333785743002863e+03
1.146865278259070465e+03
6.711776945495514610e+02
6.453004252450554077e+02
6.176013032524735991e+02
5.932273739249338860e+02
5.733195807077983090e+02
5.627130413875100885e+02
5.565859491000135222e+02
5.490546061912840514e+02
5.425121939885370921e+02
5.363267774369854806e+02
5.337343281384656848e+02
5.301409263429877683e+02
5.269665827958506270e+02
5.223832034804088380e+02
5.191543271018815631e+02
5.163188313064396198e+02
5.142898362997067352e+02
5.127973553196460443e+02
5.115576323585071350e+02
5.093525844207376849e+02
5.072786033073592762e+02
5.058419026421059357e+02
5.052265467284187253e+02
5.044798185115054139e+02
5.040521319273010477e+02
5.024049120681708587e+02
5.011474399923349097e+02
4.999901063910384664e+02
4.985839409963585922e+02
4.970412415956930090e+02
4.960780033644371656e+02
4.952194611961549526e+02
4.939442038332149991e+02
4.928759654053144459e+02
4.925745843961262835e+02
4.922127992715960545e+02
4.918149477447958020e+02
4.908269679731217252e+02
4.898295499595598699e+02
4.894221913179463286e+02
4.888997637663063074e+02
4.883801617073106627e+02
4.877029643278514186e+02
4.865269606631499641e+02
4.862337629154822025e+02
4.858151105070829772e+02
4.853363816568114544e+02
4.845412386303251537e+02
4.832565425464753162e+02
4.828557220340887852e+02
