7.514449575607188763e+02
1.161564412687990625e+03
1.068685441372213518e+03
6.728963966430684422e+02
6.486741939825445797e+02
6.152443176578495923e+02
5.874842101325103840e+02
5.705422758829105305e+02
5.638792905547802548e+02
5.543992018978208307e+02
5.482940713500570382e+02
5.409523649787200839e+02
5.354317412192531265e+02
5.297732398708321853e+02
5.243162714305387908e+02
5.199325939934165035e+02
5.164503672367469562e+02
5.126430176831681820e+02
5.100752625799358952e+02
5.081114491480816469e+02
5.052913271818939620e+02
5.028373019966209654e+02
4.993853135411188191e+02
4.973470147028834845e+02
4.961375243415299110e+02
4.950286219570277808e+02
4.940256067461298244e+02
4.923432564911361169e+02
4.894800916591206601e+02
