4.000000000000000000e+00 1.157050293119407615e-03 3.455395548025637642e-01 5.196030116081237793e+01
4.299999999999998934e+00 8.933889219773674499e-04 2.426314864855531606e-01 7.348153424263000488e+01
4.699999999999997513e+00 9.935090740495430318e-04 1.961990135877665631e-01 7.623312282562255859e+01
5.099999999999996092e+00 7.479058635819704629e-04 1.465648121260294812e-01 1.155557174682617188e+02
5.399999999999995026e+00 8.093234056328909133e-04 1.249186578602782122e-01 1.170689537525177002e+02
5.599999999999994316e+00 7.021814436850481924e-04 8.339097659880842506e-02 1.458988990783691406e+02
5.799999999999993605e+00 7.375356475562985055e-04 7.845132937012815055e-02 1.448850181102752686e+02
5.999999999999992895e+00 7.078142695356738059e-04 6.342901883667087515e-02 1.615047616958618164e+02
6.199999999999992184e+00 6.134467528218551149e-04 6.102580123947581869e-02 1.942376379966735840e+02
6.299999999999991829e+00 6.058158319870759123e-04 6.839150651869893571e-02 2.008308913707733154e+02
6.399999999999991473e+00 5.150745141130416574e-04 5.207643529817534284e-02 2.478175518512725830e+02
6.499999999999991118e+00 6.358087487283825383e-04 4.926610332733096648e-02 2.047956855297088623e+02
