6.299999999999999822e+00 5.723006486074017074e-04 7.067185004646173163e-02 2.112300274372100830e+02
6.309999999999999609e+00 5.880508075897757699e-04 5.310489844330337078e-02 2.111232235431671143e+02
6.319999999999999396e+00 5.199306759098786760e-04 5.882824326888346639e-02 2.376166102886199951e+02
6.329999999999999183e+00 6.254691018263697352e-04 6.052520316210848600e-02 1.993771169185638428e+02
6.339999999999998970e+00 5.866249511145873704e-04 5.931144455346323147e-02 2.115575027465820312e+02
6.349999999999998757e+00 6.273001003680161048e-04 6.151678656986626220e-02 1.975955498218536377e+02
6.359999999999998543e+00 5.383676692269040269e-04 5.844384814935257161e-02 2.295095653533935547e+02
6.369999999999998330e+00 6.541648495420846225e-04 5.399124276965419633e-02 1.895101785659790039e+02
6.379999999999998117e+00 5.534646889528447916e-04 5.608406119456488953e-02 2.237853863239288330e+02
6.389999999999997904e+00 5.710370031978071869e-04 5.137622778200768431e-02 2.236568784713745117e+02
6.399999999999997691e+00 5.151806566836103322e-04 5.207558483855238840e-02 2.464402937889099121e+02
6.409999999999997478e+00 5.907837731390310930e-04 5.117706945008049235e-02 2.154133229255676270e+02
6.419999999999997264e+00 6.104012370798404591e-04 4.601856800764624750e-02 2.077591221332550049e+02
